# T/Tc retro_corr S_topo
5.000000000000000000e-01 0.000000000000000000e+00 -9.999994999180667616e-07
5.035175879396984744e-01 4.947572153462371190e-04 -4.956343683376817581e-04
5.070351758793970598e-01 5.428380998877471849e-04 -5.436902735415321923e-04
5.105527638190955342e-01 6.744321473734985872e-04 -6.752041457412146647e-04
5.140703517587938975e-01 6.809436892115356505e-04 -6.817112712717074549e-04
5.175879396984924830e-01 7.586655659108279114e-04 -7.593771660738088836e-04
5.211055276381909573e-01 8.081739867200789370e-04 -8.088467819480837581e-04
5.246231155778894317e-01 7.540222286068038685e-04 -7.547373427117193626e-04
5.281407035175879061e-01 7.355201632358494574e-04 -7.362490653647711224e-04
5.316582914572864915e-01 8.725985092960777869e-04 -8.732171442087891412e-04
5.351758793969849659e-01 8.813540722861471118e-04 -8.819650267653250534e-04
5.386934673366833293e-01 8.980907230296075825e-04 -8.986867830663813721e-04
5.422110552763819147e-01 1.024361692888564124e-03 -1.024836368655523532e-03
5.457286432160803891e-01 1.044816530104490963e-03 -1.045270044979326306e-03
5.492462311557788635e-01 1.044047319418721278e-03 -1.044501637611106471e-03
5.527638190954774489e-01 1.176211873283427699e-03 -1.176519502710679727e-03
5.562814070351759232e-01 1.297781947832916775e-03 -1.297939260124858626e-03
5.597989949748743976e-01 1.322549857893246580e-03 -1.322674737871561623e-03
5.633165829145728720e-01 1.385763865412238324e-03 -1.385803196447713470e-03
5.668341708542713464e-01 1.439994347243820066e-03 -1.439957111203985646e-03
5.703517587939698208e-01 1.508599900553192139e-03 -1.508461600064877782e-03
5.738693467336682952e-01 1.579114903876669643e-03 -1.578867835822868673e-03
5.773869346733668806e-01 1.757287070683120770e-03 -1.756743093543222493e-03
5.809045226130653550e-01 1.803531759122163278e-03 -1.802905547759934462e-03
5.844221105527638294e-01 1.849777340432219455e-03 -1.849066762324491197e-03
5.879396984924623037e-01 1.972807360931271015e-03 -1.971861962655862242e-03
5.914572864321607781e-01 2.090139476284778083e-03 -2.088956087447173954e-03
5.949748743718592525e-01 2.319775957589241457e-03 -2.318087116394941354e-03
5.984924623115577269e-01 2.414363310664163764e-03 -2.412451009270734272e-03
6.020100502512563123e-01 2.511519456975051801e-03 -2.509368356993923674e-03
6.055276381909547867e-01 2.653670967086939943e-03 -2.651153551793518706e-03
6.090452261306532611e-01 2.731682678393550570e-03 -2.728955689324856233e-03
6.125628140703517355e-01 2.907109042259415320e-03 -2.903888673373974504e-03
6.160804020100502099e-01 3.028759790028232729e-03 -3.025179317324750480e-03
6.195979899497486842e-01 3.276993151314635047e-03 -3.272632243914971265e-03
6.231155778894472697e-01 3.452695456024045765e-03 -3.447745146308472172e-03
6.266331658291457440e-01 3.648343578837561722e-03 -3.642700880645979335e-03
6.301507537688442184e-01 3.821290026189559826e-03 -3.815003636894048322e-03
6.336683417085426928e-01 4.051628953263631053e-03 -4.044439171854208315e-03
6.371859296482411672e-01 4.270942004757671481e-03 -4.262843164453061079e-03
6.407035175879396416e-01 4.422744225232244468e-03 -4.413988230183158758e-03
6.442211055276382270e-01 4.690424897928940733e-03 -4.680454462079027510e-03
6.477386934673367014e-01 5.101821804090357106e-03 -5.089846530528246635e-03
6.512562814070351758e-01 5.208694775503543151e-03 -5.196171264252350333e-03
6.547738693467337612e-01 5.350153546222265188e-03 -5.336886996452560976e-03
6.582914572864321245e-01 5.766158670853662079e-03 -5.750592274792048174e-03
6.618090452261305989e-01 5.981254428167472048e-03 -5.964431788533484241e-03
6.653266331658290733e-01 6.330786032615973863e-03 -6.311824492590502843e-03
6.688442211055275477e-01 6.608870639072871207e-03 -6.588121232045544839e-03
6.723618090452261331e-01 6.895727940022381916e-03 -6.873054296672953534e-03
6.758793969849246075e-01 7.255622098247994575e-03 -7.230419501312425681e-03
6.793969849246230819e-01 7.702467144405135586e-03 -7.673946949689927459e-03
6.829145728643216673e-01 8.154181161620355917e-03 -8.122107365258150052e-03
6.864321608040200307e-01 8.657616516395714307e-03 -8.621345684443768032e-03
6.899497487437185050e-01 9.168038337026953102e-03 -9.127257901763588879e-03
6.934673366834170904e-01 9.584645864500633550e-03 -9.539995057643003984e-03
6.969849246231155648e-01 1.011609317760250870e-02 -1.006625797257026077e-02
7.005025125628140392e-01 1.046371639319160218e-02 -1.041034027339283324e-02
7.040201005025126246e-01 1.072798571100047615e-02 -1.067183853458352275e-02
7.075376884422110990e-01 1.129548808577626740e-02 -1.123315924693926195e-02
7.110552763819094624e-01 1.175212712216602319e-02 -1.168459557426624468e-02
7.145728643216080478e-01 1.218737182956177931e-02 -1.211469171521742036e-02
7.180904522613065222e-01 1.264387916904653915e-02 -1.256560029941262806e-02
7.216080402010049966e-01 1.318166303588460229e-02 -1.309652790135972314e-02
7.251256281407035820e-01 1.363210274757495344e-02 -1.354100808225290435e-02
7.286432160804020564e-01 1.414150637006428464e-02 -1.404343412082901046e-02
7.321608040201005307e-01 1.500587818255400170e-02 -1.489538900532587362e-02
7.356783919597990051e-01 1.549036159853076251e-02 -1.537259545217616909e-02
7.391959798994973685e-01 1.599043575184760230e-02 -1.586491974265996641e-02
7.427135678391959539e-01 1.683199022623894925e-02 -1.669288551453147057e-02
7.462311557788945393e-01 1.753011118043990360e-02 -1.737921396588608045e-02
7.497487437185929027e-01 1.812629201836523166e-02 -1.796495158673005327e-02
7.532663316582914881e-01 1.892688181187786312e-02 -1.875097824424768606e-02
7.567839195979899625e-01 1.949354034922299445e-02 -1.930695579412263288e-02
7.603015075376883258e-01 1.986506459933808089e-02 -1.967130945803455266e-02
7.638190954773869112e-01 2.088784645403157433e-02 -2.067366592405385506e-02
7.673366834170853856e-01 2.211366764372832763e-02 -2.187368474765458148e-02
7.708542713567838600e-01 2.293370485653320121e-02 -2.267565781273870110e-02
7.743718592964824454e-01 2.368581427104999443e-02 -2.341063439863362225e-02
7.778894472361809198e-01 2.469561633577281590e-02 -2.439658471578273410e-02
7.814070351758793942e-01 2.534038974644146902e-02 -2.502562030440731722e-02
7.849246231155778686e-01 2.674937052092543968e-02 -2.639883472217977034e-02
7.884422110552763430e-01 2.761552509876641359e-02 -2.724206738038746980e-02
7.919597989949748174e-01 2.887176934137245313e-02 -2.846380425231045258e-02
7.954773869346734028e-01 2.955266558050846648e-02 -2.912537393721018053e-02
7.989949748743718771e-01 3.019833642470660939e-02 -2.975231402635508671e-02
8.025125628140703515e-01 3.161827592470935894e-02 -3.112968031452707784e-02
8.060301507537688259e-01 3.300882479204382547e-02 -3.247670102358346522e-02
8.095477386934673003e-01 3.400883147083692132e-02 -3.344428423333346140e-02
8.130653266331657747e-01 3.542570441662862279e-02 -3.481361655410346312e-02
8.165829145728643601e-01 3.676875756214851437e-02 -3.610987717245953132e-02
8.201005025125627235e-01 3.812768663287264409e-02 -3.741975262089627247e-02
8.236180904522613089e-01 4.030836257020128932e-02 -3.951813292944322820e-02
8.271356783919598943e-01 4.176654223566573371e-02 -4.091883037775109755e-02
8.306532663316582576e-01 4.352666290711952601e-02 -4.260695691744501717e-02
8.341708542713567320e-01 4.525710136084899055e-02 -4.426384186870009618e-02
8.376884422110550954e-01 4.634595718637367356e-02 -4.530500967371934445e-02
8.412060301507536808e-01 4.850986353688445385e-02 -4.737093233323382696e-02
8.447236180904522662e-01 4.987755892427368776e-02 -4.867449931315195877e-02
8.482412060301506296e-01 5.171060211882679697e-02 -5.041893425900317860e-02
8.517587939698492150e-01 5.359389927392309988e-02 -5.220803019937926559e-02
8.552763819095476894e-01 5.508970721674492227e-02 -5.362674163659609389e-02
8.587939698492461638e-01 5.680528139926623032e-02 -5.525141800020131472e-02
8.623115577889446381e-01 5.847125260934332713e-02 -5.682659737044324505e-02
8.658291457286432236e-01 6.002176775399192810e-02 -5.829038690650482912e-02
8.693467336683415869e-01 6.218176118091247456e-02 -6.032599952115281355e-02
8.728643216080401723e-01 6.453847683108020206e-02 -6.254228952152567078e-02
8.763819095477387577e-01 6.721220621580406562e-02 -6.505077074265321058e-02
8.798994974874371211e-01 6.980915721368738391e-02 -6.748120956768496881e-02
8.834170854271355955e-01 7.083325742112729639e-02 -6.843802451422001387e-02
8.869346733668341809e-01 7.252923796925844768e-02 -7.002056533332448596e-02
8.904522613065325443e-01 7.562210184897746879e-02 -7.290012328621429949e-02
8.939698492462311297e-01 7.877534583379286470e-02 -7.582738567467267599e-02
8.974874371859297151e-01 8.097148427412059757e-02 -7.786108437762873091e-02
9.010050251256280784e-01 8.318685981849949229e-02 -7.990841541227226841e-02
9.045226130653266639e-01 8.545401492082621564e-02 -8.199926767261575544e-02
9.080402010050251382e-01 8.822117209325892884e-02 -8.454532987889895601e-02
9.115577889447235016e-01 9.097555830850333203e-02 -8.707322019342730868e-02
9.150753768844220870e-01 9.352997891829654964e-02 -8.941189079128132600e-02
9.185929648241206724e-01 9.628314079181039820e-02 -9.192640747296143555e-02
9.221105527638190358e-01 1.007344240985826450e-01 -9.597852377507626320e-02
9.256281407035176212e-01 1.038177901013599969e-01 -9.877579498161569160e-02
9.291457286432160956e-01 1.073941194293533408e-01 -1.020105181632750546e-01
9.326633165829144589e-01 1.103523542271561270e-01 -1.046783018073075833e-01
9.361809045226130443e-01 1.118769184650712512e-01 -1.060504042485220927e-01
9.396984924623116298e-01 1.148343910589343375e-01 -1.087067626762247552e-01
9.432160804020099931e-01 1.183124546570149122e-01 -1.118217063281181228e-01
9.467336683417085785e-01 1.210487305556714882e-01 -1.142655057783492911e-01
9.502512562814070529e-01 1.241208718663072419e-01 -1.170021725210443897e-01
9.537688442211055273e-01 1.272979362641440126e-01 -1.198244494540861849e-01
9.572864321608040017e-01 1.304147762625121332e-01 -1.225855086447477510e-01
9.608040201005025871e-01 1.327109847734967707e-01 -1.246147438814510372e-01
9.643216080402009505e-01 1.372788219820350875e-01 -1.286392900144988083e-01
9.678391959798995359e-01 1.406811105336533974e-01 -1.316264260442395750e-01
9.713567839195981213e-01 1.452470015316781049e-01 -1.356212087770168051e-01
9.748743718592964846e-01 1.487269323554432365e-01 -1.386551843665229100e-01
9.783919597989948480e-01 1.534575975114628454e-01 -1.427649050628952976e-01
9.819095477386935444e-01 1.578424954215005005e-01 -1.465592192584815601e-01
9.854271356783919078e-01 1.622052852339000706e-01 -1.503201686926872171e-01
9.889447236180902712e-01 1.656495247163087270e-01 -1.532793214902313517e-01
9.924623115577890786e-01 1.692003934008204924e-01 -1.563209460099914683e-01
9.959798994974874420e-01 1.746801396662766848e-01 -1.609967402717004115e-01
9.994974874371858053e-01 1.790584082794787757e-01 -1.647170089876138499e-01
1.003015075376884502e+00 1.842037179436735173e-01 -1.690714251843405402e-01
1.006532663316582976e+00 1.898862726919938737e-01 -1.738585738061216857e-01
1.010050251256281229e+00 1.945579588150918582e-01 -1.777770451383342554e-01
1.013567839195979925e+00 1.992900299733812997e-01 -1.817305738424105921e-01
1.017085427135678399e+00 2.019147750395677010e-01 -1.839167629753948874e-01
1.020603015075376652e+00 2.059627177021351174e-01 -1.872790130283359389e-01
1.024120603015075348e+00 2.116410858742248657e-01 -1.919765353502937699e-01
1.027638190954773822e+00 2.165078123082020967e-01 -1.959851272005721790e-01
1.031155778894472297e+00 2.200244637127032610e-01 -1.988717304230085969e-01
1.034673366834170771e+00 2.227652208941054146e-01 -2.011156862615075536e-01
1.038190954773869246e+00 2.285391769889357771e-01 -2.058266165460270192e-01
1.041708542713567720e+00 2.345944870171928764e-01 -2.107433755499444061e-01
1.045226130653266194e+00 2.374097956470270221e-01 -2.130211285368735497e-01
1.048743718592964891e+00 2.412961493392892787e-01 -2.161569210248339146e-01
1.052261306532663143e+00 2.462455029916674754e-01 -2.201362362652338200e-01
1.055778894472361840e+00 2.499638395971469362e-01 -2.231154225963184745e-01
1.059296482412060314e+00 2.566762774719333895e-01 -2.284711563677805646e-01
1.062814070351758788e+00 2.607683700541829630e-01 -2.317221457703624865e-01
1.066331658291457263e+00 2.645677562563171770e-01 -2.347311599132519966e-01
1.069849246231155737e+00 2.678820843857283585e-01 -2.373486470207990251e-01
1.073366834170854212e+00 2.727783480636523095e-01 -2.412029723155643679e-01
1.076884422110552686e+00 2.766889301363957832e-01 -2.442707363973777857e-01
1.080402010050251382e+00 2.814386218816049556e-01 -2.479841505201525187e-01
1.083919597989949635e+00 2.851559364391456630e-01 -2.508808404146067317e-01
1.087437185929648331e+00 2.898130220829240322e-01 -2.544980390522759706e-01
1.090954773869346806e+00 2.940132221806326385e-01 -2.577491868843317380e-01
1.094472361809045058e+00 2.986942670463313410e-01 -2.613601197492974038e-01
1.097989949748743754e+00 3.019964990308705022e-01 -2.638996229173056207e-01
1.101507537688442229e+00 3.051223828816110872e-01 -2.662975825748736813e-01
1.105025125628140703e+00 3.090583867585804390e-01 -2.693088539342494148e-01
1.108542713567839177e+00 3.127474494133231087e-01 -2.721229923607466628e-01
1.112060301507537652e+00 3.176707251466339144e-01 -2.758663346069175626e-01
1.115577889447236126e+00 3.215680276311444485e-01 -2.788196880008387835e-01
1.119095477386934601e+00 3.252379200121045533e-01 -2.815927601732985397e-01
1.122613065326633297e+00 3.270904823455372257e-01 -2.829896921943215182e-01
1.126130653266331549e+00 3.315762427968567128e-01 -2.863641364531821498e-01
1.129648241206030246e+00 3.340949585733741789e-01 -2.882538778699291204e-01
1.133165829145728720e+00 3.369031373993250922e-01 -2.903565957731324421e-01
1.136683417085427195e+00 3.401921007559868815e-01 -2.928137086224670838e-01
1.140201005025125447e+00 3.424659515325783055e-01 -2.945089299899275037e-01
1.143718592964824143e+00 3.456405653500692621e-01 -2.968708995856170763e-01
1.147236180904522618e+00 3.487782992751338185e-01 -2.991999606351750107e-01
1.150753768844220870e+00 3.522109231294632270e-01 -3.017417132139293412e-01
1.154271356783919789e+00 3.547401292036996279e-01 -3.036103875214083425e-01
1.157788944723618041e+00 3.573314682948196541e-01 -3.055213532725558623e-01
1.161306532663316515e+00 3.611173900419791805e-01 -3.083067074261611196e-01
1.164824120603015212e+00 3.654278597767654513e-01 -3.114685622784251207e-01
1.168341708542713464e+00 3.688370844301139817e-01 -3.139622664335935398e-01
1.171859296482411938e+00 3.726678683082392252e-01 -3.167569238518688213e-01
1.175376884422110413e+00 3.759223086816699810e-01 -3.191250029881841921e-01
1.178894472361809109e+00 3.782910110883996313e-01 -3.208450594948263346e-01
1.182412060301507362e+00 3.817797699432251002e-01 -3.233730803041499069e-01
1.185929648241206058e+00 3.849449404695844956e-01 -3.256611067256028336e-01
1.189447236180904532e+00 3.880155340689656618e-01 -3.278757741670970116e-01
1.192964824120602785e+00 3.905441044015089957e-01 -3.296958317073350186e-01
1.196482412060301481e+00 3.953404399791209389e-01 -3.331391451661893099e-01
1.199999999999999956e+00 3.988010741062248399e-01 -3.356162089813810034e-01
